25 227 7 8 5

174 2700.0 830.0
174 2700.0 830.0
174 2700.0 830.0
174 2700.0 830.0
174 2700.0 830.0
272 7100.0 830.0
272 7100.0 830.0
272 7100.0 830.0
70 800.00 500.0
70 800.00 500.0
70 800.00 500.0
70 800.00 500.0
118 2300.0 830.0
118 2300.0 830.0
118 2300.0 830.0
118 2300.0 830.0
118 2300.0 830.0
118 2300.0 830.0
118 2300.0 830.0
118 2300.0 830.0
118 2300.0 830.0
118 2300.0 830.0
118 2300.0 830.0
118 2300.0 830.0
118 2300.0 830.0

590.59 118
590.59 118
590.59 118
590.59 118
590.59 118
590.59 118
590.59 118
590.59 118
590.59 106
590.59 118
590.59 118
590.59 118
590.59 118
590.59 118
590.59 118
590.59 118
590.59 118
590.59 118
590.59 118
590.59 118
590.59 118
590.59 118
590.59 118
590.59 118
590.59 118
590.59 118
590.59 118
590.59 118
590.59 106
590.59 118
590.59 118
590.59 118
590.59 118
590.59 118
590.59 118
590.59 118
590.59 118
590.59 118
590.59 118
590.59 118
590.59 118
590.59 118
590.59 118
590.59 118
373.0 106
373.0 118
373.0 106
373.0 106
373.0 106
373.0 106
373.0 106
373.0 118
373.0 118
373.0 106
373.0 70
373.0 118
373.0 118
373.0 118
373.0 106
373.0 118
373.0 118
373.0 118
373.0 106
373.0 106
373.0 118
373.0 106
373.0 118
373.0 118
373.0 106
373.0 118
373.0 118
373.0 118
373.0 118
373.0 106
373.0 106
373.0 118
373.0 118
524.0 118
524.0 118
524.0 118
524.0 118
524.0 118
524.0 118
524.0 118
524.0 118
524.0 118
524.0 118
524.0 118
524.0 118
524.0 118
524.0 118
524.0 118
524.0 118
524.0 118
524.0 118
524.0 118
524.0 118
524.0 118
524.0 118
524.0 118
524.0 118
524.0 118
524.0 118
524.0 118
524.0 118
524.0 118
524.0 118
524.0 118
524.0 118
524.0 118
524.0 118
524.0 118
524.0 118
373.0 118
373.0 106
373.0 106
373.0 106
373.0 118
373.0 118
373.0 106
373.0 118
373.0 106
373.0 118
373.0 118
373.0 118
373.0 118
373.0 118
373.0 106
373.0 118
373.0 106
373.0 106
373.0 118
373.0 118
373.0 106
373.0 118
373.0 106
373.0 118
373.0 106
373.0 118
373.0 118
373.0 106
373.0 118
373.0 106
373.0 106
373.0 106
373.0 118
524.0 118
524.0 118
524.0 118
524.0 118
524.0 118
524.0 118
524.0 118
524.0 118
524.0 118
524.0 118
524.0 118
524.0 118
524.0 118
524.0 118
524.0 118
524.0 118
524.0 118
524.0 118
524.0 118
524.0 118
524.0 118
524.0 118
524.0 118
524.0 118
524.0 118
524.0 118
524.0 118
524.0 118
524.0 118
524.0 118
524.0 118
524.0 118
524.0 118
524.0 118
524.0 118
524.0 118
524.0 118
957.12 118
957.12 118
957.12 118
957.12 118
957.12 118
957.12 118
957.12 118
957.12 118
957.12 118
957.12 118
957.12 106
957.12 118
957.12 118
957.12 118
957.12 118
957.12 118
957.12 118
957.12 118
957.12 118
957.12 118
957.12 118
957.12 118
957.12 118
957.12 118
957.12 118
957.12 118
957.12 118
957.12 118
957.12 118
957.12 118
957.12 118
957.12 118
957.12 118
957.12 118
957.12 118
957.12 118
957.12 118
957.12 118
957.12 118
957.12 118
957.12 118
957.12 118
957.12 118
957.12 118

590.59
590.59
373.0
524.0
373.0
524.0
957.12
957.12

22 39 36 36 36 38 20

1	0	0	0	0
1	0	0	0	0
1	0	0	0	0
1	0	0	0	0
1	0	0	0	0
1	0	0	0	0
1	0	0	0	0
1	0	0	0	0
1	0	0	0	0
1	0	0	0	0
1	0	0	0	0
1	0	0	0	0
1	0	0	0	0
1	0	0	0	0
1	0	0	0	0
1	0	0	0	0
1	0	0	0	0
1	0	0	0	0
1	0	0	0	0
1	0	0	0	0
1	0	0	0	0
1	0	0	0	0
0	1	0	0	0
0	1	0	0	0
0	1	0	0	0
0	1	0	0	0
0	1	0	0	0
0	1	0	0	0
0	1	0	0	0
0	1	0	0	0
0	1	0	0	0
0	1	0	0	0
0	1	0	0	0
0	1	0	0	0
0	1	0	0	0
0	1	0	0	0
0	1	0	0	0
0	1	0	0	0
0	1	0	0	0
0	1	0	0	0
0	1	0	0	0
0	1	0	0	0
0	1	0	0	0
0	1	0	0	0
0	1	0	0	0
0	1	0	0	0
0	1	0	0	0
0	1	0	0	0
0	1	0	0	0
0	1	0	0	0
0	1	0	0	0
0	1	0	0	0
0	1	0	0	0
0	1	0	0	0
0	1	0	0	0
0	1	0	0	0
0	1	0	0	0
0	1	0	0	0
0	1	0	0	0
0	1	0	0	0
0	1	0	0	0
0	1	0	0	0
0	1	0	0	0
0	1	0	0	0
0	1	0	0	0
0	1	0	0	0
0	1	0	0	0
0	1	0	0	0
0	1	0	0	0
0	1	0	0	0
0	1	0	0	0
0	1	0	0	0
0	1	0	0	0
0	1	0	0	0
0	1	0	0	0
0	1	0	0	0
0	1	0	0	0
0	1	0	0	0
0	1	0	0	0
0	1	0	0	0
0	1	0	0	0
0	1	0	0	0
0	1	0	0	0
0	1	0	0	0
0	1	0	0	0
0	1	0	0	0
0	1	0	0	0
0	1	0	0	0
0	1	0	0	0
0	1	0	0	0
0	1	0	0	0
0	1	0	0	0
0	1	0	0	0
0	1	0	0	0
0	1	0	0	0
0	1	0	0	0
0	1	0	0	0
0	1	0	0	0
0	1	0	0	0
0	1	0	0	0
0	1	0	0	0
0	1	0	0	0
0	1	0	0	0
0	1	0	0	0
0	1	0	0	0
0	1	0	0	0
0	1	0	0	0
0	1	0	0	0
0	1	0	0	0
0	1	0	0	0
0	1	0	0	0
0	1	0	0	0
0	1	0	0	0
0	0	1	0	0
0	0	1	0	0
0	0	1	0	0
0	0	1	0	0
0	0	1	0	0
0	0	1	0	0
0	0	1	0	0
0	0	1	0	0
0	0	1	0	0
0	0	1	0	0
0	0	1	0	0
0	0	1	0	0
0	0	1	0	0
0	0	1	0	0
0	0	1	0	0
0	0	1	0	0
0	0	1	0	0
0	0	1	0	0
0	0	1	0	0
0	0	1	0	0
0	0	1	0	0
0	0	1	0	0
0	0	1	0	0
0	0	1	0	0
0	0	1	0	0
0	0	1	0	0
0	0	1	0	0
0	0	1	0	0
0	0	1	0	0
0	0	1	0	0
0	0	1	0	0
0	0	1	0	0
0	0	1	0	0
0	0	0	1	0
0	0	0	1	0
0	0	0	1	0
0	0	0	1	0
0	0	0	1	0
0	0	0	1	0
0	0	0	1	0
0	0	0	1	0
0	0	0	1	0
0	0	0	1	0
0	0	0	1	0
0	0	0	1	0
0	0	0	1	0
0	0	0	1	0
0	0	0	1	0
0	0	0	1	0
0	0	0	1	0
0	0	0	1	0
0	0	0	1	0
0	0	0	1	0
0	0	0	1	0
0	0	0	1	0
0	0	0	1	0
0	0	0	1	0
0	0	0	1	0
0	0	0	1	0
0	0	0	1	0
0	0	0	1	0
0	0	0	1	0
0	0	0	1	0
0	0	0	1	0
0	0	0	1	0
0	0	0	1	0
0	0	0	1	0
0	0	0	1	0
0	0	0	1	0
0	0	0	1	0
0	0	0	0	1
0	0	0	0	1
0	0	0	0	1
0	0	0	0	1
0	0	0	0	1
0	0	0	0	1
0	0	0	0	1
0	0	0	0	1
0	0	0	0	1
0	0	0	0	1
0	0	0	0	1
0	0	0	0	1
0	0	0	0	1
0	0	0	0	1
0	0	0	0	1
0	0	0	0	1
0	0	0	0	1
0	0	0	0	1
0	0	0	0	1
0	0	0	0	1
0	0	0	0	1
0	0	0	0	1
0	1	0	0	0
0	1	0	0	0
0	1	0	0	0
0	1	0	0	0
0	1	0	0	0
0	1	0	0	0
0	1	0	0	0
0	1	0	0	0
0	1	0	0	0
0	1	0	0	0
0	1	0	0	0
0	1	0	0	0
0	1	0	0	0
0	1	0	0	0
0	1	0	0	0
0	1	0	0	0
0	1	0	0	0
0	1	0	0	0
0	1	0	0	0
0	1	0	0	0
0	1	0	0	0
0	1	0	0	0

0	1	0	0	0
0	1	0	0	0
0	1	0	0	0
0	1	0	0	0
0	1	0	0	0
0	1	0	0	0
0	1	0	0	0
0	1	0	0	0
0	1	0	0	0
0	1	0	0	0
0	1	0	0	0
0	1	0	0	0
0	1	0	0	0
0	1	0	0	0
0	1	0	0	0
0	1	0	0	0
0	1	0	0	0
0	1	0	0	0
0	1	0	0	0
0	1	0	0	0
0	1	0	0	0
0	1	0	0	0
1	0	0	0	0
1	0	0	0	0
1	0	0	0	0
1	0	0	0	0
1	0	0	0	0
1	0	0	0	0
1	0	0	0	0
1	0	0	0	0
1	0	0	0	0
1	0	0	0	0
1	0	0	0	0
1	0	0	0	0
1	0	0	0	0
1	0	0	0	0
1	0	0	0	0
1	0	0	0	0
1	0	0	0	0
1	0	0	0	0
1	0	0	0	0
1	0	0	0	0
1	0	0	0	0
1	0	0	0	0
0	0	1	0	0
0	0	1	0	0
0	0	1	0	0
0	0	1	0	0
0	0	1	0	0
0	0	1	0	0
0	0	1	0	0
0	0	1	0	0
0	0	1	0	0
0	0	1	0	0
0	0	1	0	0
0	0	1	0	0
0	0	1	0	0
0	0	1	0	0
0	0	1	0	0
0	0	1	0	0
0	0	1	0	0
0	0	1	0	0
0	0	1	0	0
0	0	1	0	0
0	0	1	0	0
0	0	1	0	0
0	0	1	0	0
0	0	1	0	0
0	0	1	0	0
0	0	1	0	0
0	0	1	0	0
0	0	1	0	0
0	0	1	0	0
0	0	1	0	0
0	0	1	0	0
0	0	1	0	0
0	0	1	0	0
0	0	0	1	0
0	0	0	1	0
0	0	0	1	0
0	0	0	1	0
0	0	0	1	0
0	0	0	1	0
0	0	0	1	0
0	0	0	1	0
0	0	0	1	0
0	0	0	1	0
0	0	0	1	0
0	0	0	1	0
0	0	0	1	0
0	0	0	1	0
0	0	0	1	0
0	0	0	1	0
0	0	0	1	0
0	0	0	1	0
0	0	0	1	0
0	0	0	1	0
0	0	0	1	0
0	0	0	1	0
0	0	0	1	0
0	0	0	1	0
0	0	0	1	0
0	0	0	1	0
0	0	0	1	0
0	0	0	1	0
0	0	0	1	0
0	0	0	1	0
0	0	0	1	0
0	0	0	1	0
0	0	0	1	0
0	0	0	1	0
0	0	0	1	0
0	0	0	1	0
0	1	0	0	0
0	1	0	0	0
0	1	0	0	0
0	1	0	0	0
0	1	0	0	0
0	1	0	0	0
0	1	0	0	0
0	1	0	0	0
0	1	0	0	0
0	1	0	0	0
0	1	0	0	0
0	1	0	0	0
0	1	0	0	0
0	1	0	0	0
0	1	0	0	0
0	1	0	0	0
0	1	0	0	0
0	1	0	0	0
0	1	0	0	0
0	1	0	0	0
0	1	0	0	0
0	1	0	0	0
0	1	0	0	0
0	1	0	0	0
0	1	0	0	0
0	1	0	0	0
0	1	0	0	0
0	1	0	0	0
0	1	0	0	0
0	1	0	0	0
0	1	0	0	0
0	1	0	0	0
0	1	0	0	0
0	1	0	0	0
0	1	0	0	0
0	1	0	0	0
0	1	0	0	0
0	1	0	0	0
0	1	0	0	0
0	1	0	0	0
0	1	0	0	0
0	1	0	0	0
0	1	0	0	0
0	1	0	0	0
0	1	0	0	0
0	1	0	0	0
0	1	0	0	0
0	1	0	0	0
0	1	0	0	0
0	1	0	0	0
0	1	0	0	0
0	1	0	0	0
0	1	0	0	0
0	1	0	0	0
0	1	0	0	0
0	1	0	0	0
0	1	0	0	0
0	1	0	0	0
0	1	0	0	0
0	1	0	0	0
0	1	0	0	0
0	1	0	0	0
0	1	0	0	0
0	1	0	0	0
0	1	0	0	0
0	1	0	0	0
0	1	0	0	0
0	1	0	0	0
0	1	0	0	0
0	1	0	0	0
0	1	0	0	0
0	1	0	0	0
0	1	0	0	0
0	1	0	0	0
0	1	0	0	0
0	1	0	0	0
0	1	0	0	0
0	1	0	0	0
0	1	0	0	0
0	1	0	0	0
0	1	0	0	0
0	1	0	0	0
0	1	0	0	0
0	1	0	0	0
0	1	0	0	0
0	1	0	0	0
0	1	0	0	0
0	1	0	0	0
0	1	0	0	0
0	1	0	0	0
0	1	0	0	0
0	1	0	0	0
0	0	0	0	1
0	0	0	0	1
0	0	0	0	1
0	0	0	0	1
0	0	0	0	1
0	0	0	0	1
0	0	0	0	1
0	0	0	0	1
0	0	0	0	1
0	0	0	0	1
0	0	0	0	1
0	0	0	0	1
0	0	0	0	1
0	0	0	0	1
0	0	0	0	1
0	0	0	0	1
0	0	0	0	1
0	0	0	0	1
0	0	0	0	1
0	0	0	0	1
0	0	0	0	1
0	0	0	0	1

1	0	0	0	0	0	0
0	0	1	0	0	0	0
0	0	0	1	0	0	0
0	0	0	0	1	0	0
0	0	0	0	0	1	0
0	0	0	0	0	0	1
0	1	0	0	0	0	0
0	1	0	0	0	0	0
0	0	1	0	0	0	0
0	0	0	1	0	0	0
0	0	0	0	1	0	0
0	0	0	0	0	1	0
0	0	0	0	0	0	1
0	1	0	0	0	0	0
0	0	1	0	0	0	0
0	0	0	1	0	0	0
0	0	0	0	1	0	0
0	0	0	0	0	1	0
0	0	1	0	0	0	0
0	0	0	1	0	0	0
0	0	0	0	1	0	0
0	0	0	0	0	1	0
0	1	0	0	0	0	0
0	0	1	0	0	0	0
0	0	0	1	0	0	0
0	0	0	0	1	0	0
0	0	0	0	0	1	0
1	0	0	0	0	0	0
0	1	0	0	0	0	0
0	0	1	0	0	0	0
0	0	0	1	0	0	0
0	0	0	0	1	0	0
0	0	0	0	0	1	0
0	1	0	0	0	0	0
0	0	1	0	0	0	0
0	0	0	1	0	0	0
0	0	0	0	1	0	0
0	0	0	0	0	1	0
0	0	0	0	0	0	1
0	0	1	0	0	0	0
0	0	0	1	0	0	0
0	0	0	0	1	0	0
0	0	0	0	0	0	0
0	0	0	0	0	0	1
0	1	0	0	0	0	0
0	0	1	0	0	0	0
0	0	0	1	0	0	0
0	0	0	0	1	0	0
0	0	0	0	0	1	0
0	0	0	0	0	0	1
0	1	0	0	0	0	0
1	0	0	0	0	0	0
0	1	0	0	0	0	0
0	1	0	0	0	0	0
1	0	0	0	0	0	0
0	0	1	0	0	0	0
0	0	0	1	0	0	0
0	0	0	0	1	0	0
0	0	0	0	0	1	0
0	0	0	0	0	0	1
0	1	0	0	0	0	0
1	0	0	0	0	0	0
0	1	0	0	0	0	0
0	0	1	0	0	0	0
0	0	0	1	0	0	0
0	0	0	0	1	0	0
0	0	0	0	0	1	0
1	0	0	0	0	0	0
0	0	1	0	0	0	0
0	0	0	1	0	0	0
0	0	0	0	1	0	0
0	0	0	0	0	1	0
0	0	1	0	0	0	0
0	0	0	1	0	0	0
0	0	0	0	1	0	0
0	0	0	0	0	0	1
0	1	0	0	0	0	0
0	1	0	0	0	0	0
0	0	1	0	0	0	0
0	0	0	1	0	0	0
0	0	0	0	1	0	0
0	0	0	0	0	1	0
0	1	0	0	0	0	0
0	1	0	0	0	0	0
0	0	1	0	0	0	0
0	0	0	1	0	0	0
0	0	0	0	1	0	0
0	0	0	0	0	1	0
1	0	0	0	0	0	0
0	1	0	0	0	0	0
0	0	1	0	0	0	0
0	0	0	1	0	0	0
0	0	0	0	1	0	0
0	0	0	0	0	1	0
0	0	1	0	0	0	0
0	0	0	1	0	0	0
0	0	0	0	1	0	0
0	0	0	0	0	1	0
0	0	0	0	0	0	1
0	1	0	0	0	0	0
0	0	1	0	0	0	0
0	0	0	1	0	0	0
0	0	0	0	1	0	0
0	0	0	0	0	1	0
1	0	0	0	0	0	0
0	0	1	0	0	0	0
0	0	0	1	0	0	0
0	0	0	0	1	0	0
0	0	0	0	0	1	0
0	0	0	0	0	0	1
0	1	0	0	0	0	0
0	0	0	0	0	0	1
1	0	0	0	0	0	0
1	0	0	0	0	0	0
0	1	0	0	0	0	0
1	0	0	0	0	0	0
0	0	1	0	0	0	0
0	0	0	1	0	0	0
0	0	0	0	1	0	0
0	0	0	0	0	1	0
0	1	0	0	0	0	0
0	0	1	0	0	0	0
0	0	0	1	0	0	0
0	0	0	0	1	0	0
0	0	0	0	0	1	0
0	0	0	0	0	0	1
1	0	0	0	0	0	0
0	1	0	0	0	0	0
0	0	1	0	0	0	0
0	0	0	1	0	0	0
0	0	0	0	1	0	0
0	0	0	0	0	1	0
0	1	0	0	0	0	0
0	1	0	0	0	0	0
0	0	1	0	0	0	0
0	0	0	1	0	0	0
0	0	0	0	1	0	0
0	0	0	0	0	1	0
1	0	0	0	0	0	0
0	0	0	0	0	0	1
1	0	0	0	0	0	0
0	0	1	0	0	0	0
0	0	0	1	0	0	0
0	0	0	0	1	0	0
0	0	0	0	0	1	0
0	0	0	0	0	0	1
0	1	0	0	0	0	0
0	1	0	0	0	0	0
1	0	0	0	0	0	0
0	1	0	0	0	0	0
0	0	1	0	0	0	0
0	0	0	1	0	0	0
0	0	0	0	1	0	0
0	0	0	0	0	1	0
0	1	0	0	0	0	0
0	0	1	0	0	0	0
0	0	0	1	0	0	0
0	0	0	0	1	0	0
0	0	0	0	0	1	0
1	0	0	0	0	0	0
0	1	0	0	0	0	0
0	0	1	0	0	0	0
0	0	0	1	0	0	0
0	0	0	0	1	0	0
0	0	0	0	0	1	0
0	0	0	0	0	0	1
0	0	0	0	0	0	1
0	0	1	0	0	0	0
0	0	0	1	0	0	0
0	0	0	0	1	0	0
0	0	0	0	0	1	0
0	0	1	0	0	0	0
0	0	0	1	0	0	0
0	0	0	0	1	0	0
0	0	0	0	0	1	0
0	0	0	0	0	0	1
0	1	0	0	0	0	0
0	0	1	0	0	0	0
0	0	0	1	0	0	0
0	0	0	0	1	0	0
0	0	0	0	0	1	0
1	0	0	0	0	0	0
1	0	0	0	0	0	0
1	0	0	0	0	0	0
0	0	1	0	0	0	0
0	0	0	1	0	0	0
0	0	0	0	1	0	0
0	0	0	0	0	1	0
0	1	0	0	0	0	0
0	1	0	0	0	0	0
0	0	1	0	0	0	0
0	0	0	1	0	0	0
0	0	0	0	1	0	0
0	0	0	0	0	1	0
0	0	0	0	0	0	1
0	1	0	0	0	0	0
0	0	1	0	0	0	0
0	0	0	1	0	0	0
0	0	0	0	1	0	0
0	0	0	0	0	1	0
0	0	0	0	0	0	1
0	1	0	0	0	0	0
1	0	0	0	0	0	0
0	1	0	0	0	0	0
0	0	0	0	0	1	0
0	1	0	0	0	0	0
1	0	0	0	0	0	0
0	1	0	0	0	0	0
0	0	1	0	0	0	0
0	0	0	1	0	0	0
0	0	0	0	1	0	0
0	0	0	0	0	1	0
0	1	0	0	0	0	0
0	0	1	0	0	0	0
0	0	0	1	0	0	0
0	0	0	0	1	0	0
0	0	0	0	0	1	0
0	0	0	0	0	0	1
0	0	1	0	0	0	0
0	0	0	1	0	0	0
0	0	0	0	1	0	0
0	0	0	0	0	1	0
0	0	0	0	0	0	1
1	0	0	0	0	0	0
0	1	0	0	0	0	0
0	0	0	0	0	1	0
0	0	0	0	0	1	0

118	354	460	472	472	472	236
118	342	472	472	472	472	236
424	778	566	566	554	448	342
354	708	708	708	708	708	354
566	554	566	554	566	554	354
118	708	708	708	708	708	354
236	590	354	354	354	460	236
236	472	354	354	354	590	236
